
% =========== File Auto generated ===========
 
Weights = [(0.447214-0.000000i) (0.447214+0.000000i) (0.447214+0.000000i) (0.447214+0.000000i) (0.447214+0.000000i)];
AntennaLocations = [(0.000000-0.150000i) (0.000000-0.075000i) (0.000000+0.000000i) (0.000000+0.075000i) (0.000000+0.150000i)];
Locations = [(0.999848-0.017452i) (0.999391-0.034899i) (0.998630-0.052336i) (0.997564-0.069756i) (0.996195-0.087156i) (0.994522-0.104528i) (0.992546-0.121869i) (0.990268-0.139173i) (0.987688-0.156434i) (0.984808-0.173648i) (0.981627-0.190809i) (0.978148-0.207912i) (0.974370-0.224951i) (0.970296-0.241922i) (0.965926-0.258819i) (0.961262-0.275637i) (0.956305-0.292372i) (0.951057-0.309017i) (0.945519-0.325568i) (0.939693-0.342020i) (0.933580-0.358368i) (0.927184-0.374607i) (0.920505-0.390731i) (0.913545-0.406737i) (0.906308-0.422618i) (0.898794-0.438371i) (0.891007-0.453990i) (0.882948-0.469472i) (0.874620-0.484810i) (0.866025-0.500000i) (0.857167-0.515038i) (0.848048-0.529919i) (0.838671-0.544639i) (0.829038-0.559193i) (0.819152-0.573576i) (0.809017-0.587785i) (0.798636-0.601815i) (0.788011-0.615661i) (0.777146-0.629320i) (0.766044-0.642788i) (0.754710-0.656059i) (0.743145-0.669131i) (0.731354-0.681998i) (0.719340-0.694658i) (0.707107-0.707107i) (0.694658-0.719340i) (0.681998-0.731354i) (0.669131-0.743145i) (0.656059-0.754710i) (0.642788-0.766044i) (0.629320-0.777146i) (0.615661-0.788011i) (0.601815-0.798636i) (0.587785-0.809017i) (0.573576-0.819152i) (0.559193-0.829038i) (0.544639-0.838671i) (0.529919-0.848048i) (0.515038-0.857167i) (0.500000-0.866025i) (0.484810-0.874620i) (0.469472-0.882948i) (0.453990-0.891007i) (0.438371-0.898794i) (0.422618-0.906308i) (0.406737-0.913545i) (0.390731-0.920505i) (0.374607-0.927184i) (0.358368-0.933580i) (0.342020-0.939693i) (0.325568-0.945519i) (0.309017-0.951057i) (0.292372-0.956305i) (0.275637-0.961262i) (0.258819-0.965926i) (0.241922-0.970296i) (0.224951-0.974370i) (0.207912-0.978148i) (0.190809-0.981627i) (0.173648-0.984808i) (0.156434-0.987688i) (0.139173-0.990268i) (0.121869-0.992546i) (0.104528-0.994522i) (0.087156-0.996195i) (0.069756-0.997564i) (0.052336-0.998630i) (0.034899-0.999391i) (0.017452-0.999848i) (-0.000000-1.000000i) (-0.017452-0.999848i) (-0.034899-0.999391i) (-0.052336-0.998630i) (-0.069756-0.997564i) (-0.087156-0.996195i) (-0.104528-0.994522i) (-0.121869-0.992546i) (-0.139173-0.990268i) (-0.156434-0.987688i) (-0.173648-0.984808i) (-0.190809-0.981627i) (-0.207912-0.978148i) (-0.224951-0.974370i) (-0.241922-0.970296i) (-0.258819-0.965926i) (-0.275637-0.961262i) (-0.292372-0.956305i) (-0.309017-0.951057i) (-0.325568-0.945519i) (-0.342020-0.939693i) (-0.358368-0.933580i) (-0.374607-0.927184i) (-0.390731-0.920505i) (-0.406737-0.913545i) (-0.422618-0.906308i) (-0.438371-0.898794i) (-0.453990-0.891007i) (-0.469472-0.882948i) (-0.484810-0.874620i) (-0.500000-0.866025i) (-0.515038-0.857167i) (-0.529919-0.848048i) (-0.544639-0.838671i) (-0.559193-0.829038i) (-0.573576-0.819152i) (-0.587785-0.809017i) (-0.601815-0.798636i) (-0.615661-0.788011i) (-0.629320-0.777146i) (-0.642788-0.766044i) (-0.656059-0.754710i) (-0.669131-0.743145i) (-0.681998-0.731354i) (-0.694658-0.719340i) (-0.707107-0.707107i) (-0.719340-0.694658i) (-0.731354-0.681998i) (-0.743145-0.669131i) (-0.754710-0.656059i) (-0.766044-0.642788i) (-0.777146-0.629320i) (-0.788011-0.615661i) (-0.798636-0.601815i) (-0.809017-0.587785i) (-0.819152-0.573576i) (-0.829038-0.559193i) (-0.838671-0.544639i) (-0.848048-0.529919i) (-0.857167-0.515038i) (-0.866025-0.500000i) (-0.874620-0.484810i) (-0.882948-0.469472i) (-0.891007-0.453990i) (-0.898794-0.438371i) (-0.906308-0.422618i) (-0.913545-0.406737i) (-0.920505-0.390731i) (-0.927184-0.374607i) (-0.933580-0.358368i) (-0.939693-0.342020i) (-0.945519-0.325568i) (-0.951057-0.309017i) (-0.956305-0.292372i) (-0.961262-0.275637i) (-0.965926-0.258819i) (-0.970296-0.241922i) (-0.974370-0.224951i) (-0.978148-0.207912i) (-0.981627-0.190809i) (-0.984808-0.173648i) (-0.987688-0.156434i) (-0.990268-0.139173i) (-0.992546-0.121869i) (-0.994522-0.104528i) (-0.996195-0.087156i) (-0.997564-0.069756i) (-0.998630-0.052336i) (-0.999391-0.034899i) (-0.999848-0.017452i) (-1.000000-0.000000i) (-0.999848+0.017452i) (-0.999391+0.034899i) (-0.998630+0.052336i) (-0.997564+0.069756i) (-0.996195+0.087156i) (-0.994522+0.104528i) (-0.992546+0.121869i) (-0.990268+0.139173i) (-0.987688+0.156434i) (-0.984808+0.173648i) (-0.981627+0.190809i) (-0.978148+0.207912i) (-0.974370+0.224951i) (-0.970296+0.241922i) (-0.965926+0.258819i) (-0.961262+0.275637i) (-0.956305+0.292372i) (-0.951057+0.309017i) (-0.945519+0.325568i) (-0.939693+0.342020i) (-0.933580+0.358368i) (-0.927184+0.374607i) (-0.920505+0.390731i) (-0.913545+0.406737i) (-0.906308+0.422618i) (-0.898794+0.438371i) (-0.891007+0.453990i) (-0.882948+0.469472i) (-0.874620+0.484810i) (-0.866025+0.500000i) (-0.857167+0.515038i) (-0.848048+0.529919i) (-0.838671+0.544639i) (-0.829038+0.559193i) (-0.819152+0.573576i) (-0.809017+0.587785i) (-0.798636+0.601815i) (-0.788011+0.615661i) (-0.777146+0.629320i) (-0.766044+0.642788i) (-0.754710+0.656059i) (-0.743145+0.669131i) (-0.731354+0.681998i) (-0.719340+0.694658i) (-0.707107+0.707107i) (-0.694658+0.719340i) (-0.681998+0.731354i) (-0.669131+0.743145i) (-0.656059+0.754710i) (-0.642788+0.766044i) (-0.629320+0.777146i) (-0.615661+0.788011i) (-0.601815+0.798636i) (-0.587785+0.809017i) (-0.573576+0.819152i) (-0.559193+0.829038i) (-0.544639+0.838671i) (-0.529919+0.848048i) (-0.515038+0.857167i) (-0.500000+0.866025i) (-0.484810+0.874620i) (-0.469472+0.882948i) (-0.453990+0.891007i) (-0.438371+0.898794i) (-0.422618+0.906308i) (-0.406737+0.913545i) (-0.390731+0.920505i) (-0.374607+0.927184i) (-0.358368+0.933580i) (-0.342020+0.939693i) (-0.325568+0.945519i) (-0.309017+0.951057i) (-0.292372+0.956305i) (-0.275637+0.961262i) (-0.258819+0.965926i) (-0.241922+0.970296i) (-0.224951+0.974370i) (-0.207912+0.978148i) (-0.190809+0.981627i) (-0.173648+0.984808i) (-0.156434+0.987688i) (-0.139173+0.990268i) (-0.121869+0.992546i) (-0.104528+0.994522i) (-0.087156+0.996195i) (-0.069756+0.997564i) (-0.052336+0.998630i) (-0.034899+0.999391i) (-0.017452+0.999848i) (-0.000000+1.000000i) (0.017452+0.999848i) (0.034899+0.999391i) (0.052336+0.998630i) (0.069756+0.997564i) (0.087156+0.996195i) (0.104528+0.994522i) (0.121869+0.992546i) (0.139173+0.990268i) (0.156434+0.987688i) (0.173648+0.984808i) (0.190809+0.981627i) (0.207912+0.978148i) (0.224951+0.974370i) (0.241922+0.970296i) (0.258819+0.965926i) (0.275637+0.961262i) (0.292372+0.956305i) (0.309017+0.951057i) (0.325568+0.945519i) (0.342020+0.939693i) (0.358368+0.933580i) (0.374607+0.927184i) (0.390731+0.920505i) (0.406737+0.913545i) (0.422618+0.906308i) (0.438371+0.898794i) (0.453990+0.891007i) (0.469472+0.882948i) (0.484810+0.874620i) (0.500000+0.866025i) (0.515038+0.857167i) (0.529919+0.848048i) (0.544639+0.838671i) (0.559193+0.829038i) (0.573576+0.819152i) (0.587785+0.809017i) (0.601815+0.798636i) (0.615661+0.788011i) (0.629320+0.777146i) (0.642788+0.766044i) (0.656059+0.754710i) (0.669131+0.743145i) (0.681998+0.731354i) (0.694658+0.719340i) (0.707107+0.707107i) (0.719340+0.694658i) (0.731354+0.681998i) (0.743145+0.669131i) (0.754710+0.656059i) (0.766044+0.642788i) (0.777146+0.629320i) (0.788011+0.615661i) (0.798636+0.601815i) (0.809017+0.587785i) (0.819152+0.573576i) (0.829038+0.559193i) (0.838671+0.544639i) (0.848048+0.529919i) (0.857167+0.515038i) (0.866025+0.500000i) (0.874620+0.484810i) (0.882948+0.469472i) (0.891007+0.453990i) (0.898794+0.438371i) (0.906308+0.422618i) (0.913545+0.406737i) (0.920505+0.390731i) (0.927184+0.374607i) (0.933580+0.358368i) (0.939693+0.342020i) (0.945519+0.325568i) (0.951057+0.309017i) (0.956305+0.292372i) (0.961262+0.275637i) (0.965926+0.258819i) (0.970296+0.241922i) (0.974370+0.224951i) (0.978148+0.207912i) (0.981627+0.190809i) (0.984808+0.173648i) (0.987688+0.156434i) (0.990268+0.139173i) (0.992546+0.121869i) (0.994522+0.104528i) (0.996195+0.087156i) (0.997564+0.069756i) (0.998630+0.052336i) 